   5.5033621515800005E-002  0.26447702963416353     
  0.15501203626140000       0.26442673912008324     
  0.25502768644460005       0.26444040108532002     
  0.35502907304900000       0.26445839193380333     
  0.45503924951570002       0.26435735713134323     
  0.55502136147340009       0.26429799935322668     
  0.65502422669310012       0.26426838505468669     
  0.75502972219239994       0.26410408347583669     
  0.85502059149239995       0.26437313947087326     
  0.95504290080810006       0.26454246385796998     
   1.0550472416419998       0.26457919064347657     
   1.1550390698153001       0.26450460314697338     
   1.2550314238395002       0.26462214658950001     
   1.3550311311975001       0.26465335686166330     
   1.4550363952806999       0.26466251732498680     
   1.5550350288958998       0.26449382106672664     
   1.6550222814668001       0.26450357274493685     
   1.7550368785378001       0.26435211845563000     
   1.8550260447697000       0.26444222865017331     
   1.9550219396131001       0.26421124621050324     
   2.0550231501990996       0.26502891021761671     
   2.1550181416780001       0.26680223792769320     
   2.2550196158453000       0.26850143921060998     
   2.3550165555850997       0.26966489392079335     
   2.4550231940329001       0.27070772394882003     
   2.5550185509953001       0.27168164640282333     
   2.6550132132730999       0.27310716966088339     
   2.7550205463631996       0.27444997591511339     
   2.8550338315894996       0.27583874495290667     
   2.9550274317845000       0.27699930655156668     
   3.0550258779473003       0.27781060338486002     
   3.1550262539437997       0.27925980619085006     
   3.2550423503458994       0.28014146960784336     
   3.3550188888979000       0.28127651579502000     
   3.4550224790588993       0.28284616553435338     
   3.5550268576655997       0.28375592330062022     
   3.6550224223070997       0.28465154366798007     
   3.7550421738240005       0.28544627633802988     
   3.8550428043058993       0.28606514088841994     
   3.9550191924860001       0.28726916224358656     
   4.0550418024874997       0.28863116988766990     
   4.1550272686006000       0.28973573376461320     
   4.2550219100925002       0.29089830176754672     
   4.3550222647753003       0.29261251935534333     
   4.4550411730657000       0.29445105532336674     
   4.5550345494630005       0.29550816251953665     
   4.6550288324911007       0.29688553437385001     
   4.7550353420602001       0.29813843658719352     
   4.8550248208999003       0.29931803273229002     
   4.9550390875788999       0.30019549050762684     
   5.0550340622202992       0.30085088793265669     
   5.1550289922893011       0.30163698945861339     
   5.2550376760209989       0.30224345844650313     
   5.3550223951639007       0.30392886569465671     
   5.4550236729379993       0.30426826426599668     
   5.5550148607700001       0.30644325973934328     
   5.6550194468093000       0.30907143344279009     
   5.7550340357477001       0.31048299459590672     
   5.8550258914397997       0.31086953355573688     
   5.9550263878058001       0.31243069353018671     
   6.0550382536174991       0.31347337013739002     
   6.1550323744534001       0.31396279617889322     
   6.2550211456969995       0.31494691678663334     
   6.3550274627687005       0.31541087757375019     
   6.4550340458244007       0.31686783986374334     
   6.5550221072361996       0.31780127123747681     
   6.6550212460587996       0.31967527010149654     
   6.7550245374095992       0.32083966722378005     
   6.8550137760961007       0.32169705050168323     
   6.9550466485811997       0.32319810373094005     
   7.0550281755346997       0.32529231766454991     
   7.1550206966956988       0.32758884661642662     
   7.2550276509143981       0.32829201072241337     
   7.3550183763291983       0.32918561702870330     
   7.4550346596679997       0.33085914604663991     
   7.5550198844110001       0.33247321842281669     
   7.6550382774315011       0.33360953741767990     
   7.7550303808735013       0.33451967387055664     
   7.8550233752566019       0.33553214979253676     
   7.9550361680696993       0.33613543058294004     
   8.0550151953424010       0.33780902584108330     
   8.1550144952226997       0.33971386945182669     
   8.2550351116209004       0.34039467439767995     
   8.3550244191405998       0.34112810420960660     
   8.4550245290512009       0.34213031337398997     
   8.5550128879470009       0.34349331327808341     
   8.6550335323146008       0.34438810739830344     
   8.7550279020153994       0.34511931099111998     
   8.8550350619136999       0.34720905616378012     
   8.9550185943814000       0.34970502939679676     
   9.0550120197534998       0.35108544599248670     
   9.1550255781628014       0.35279076826355338     
   9.2550175455843995       0.35442398198080671     
   9.3550183198966028       0.35532849182067666     
   9.4550305118962008       0.35642111057387671     
   9.5550195073043991       0.35702236171182689     
   9.6550155553438000       0.35867434096555328     
   9.7550370881379003       0.35848939657659995     
   9.8550191913215013       0.35956852380977650     
   9.9550175499913003       0.36028774161967653     
   10.055050054381001       0.36070451751242671     
   10.155027554222400       0.36211270657934008     
   10.255017502367298       0.36365268480725998     
   10.355039739879100       0.36574743403941329     
   10.455022150368000       0.36675359959962661     
   10.555033562070900       0.36806858413950339     
   10.655040440043701       0.36888199104055663     
   10.755027350335000       0.37000347448145010     
   10.855015039974599       0.36994855566812662     
   10.955021195493300       0.37092448321133664     
   11.055013749798000       0.37119296532969021     
   11.155030573197200       0.37214143235947339     
   11.255044067297298       0.37389259479330667     
   11.355012627066198       0.37539210957961677     
   11.455029131184599       0.37656134454904655     
   11.555028632300200       0.37730253292577337     
   11.655020562275700       0.37824420801157665     
   11.755027493003400       0.37972043231782660     
   11.855028261414201       0.37936998446589321     
   11.955021809754600       0.38043756382201988     
   12.055017917420400       0.38261124640289335     
   12.155024331422499       0.38359924241409998     
   12.255031180228100       0.38510697877366995     
   12.355023874730097       0.38611223515045012     
   12.455019130623398       0.38721878222106332     
   12.555030795065900       0.38731451720740684     
   12.655017486848099       0.38828690620670325     
   12.755035509299997       0.38936594894209320     
   12.855018724134201       0.39029108957175657     
   12.955022414722498       0.39135620716572339     
   13.055030149893302       0.39234179830412996     
   13.155019853987600       0.39337691108591322     
   13.255024855438700       0.39388059084470001     
   13.355035608898699       0.39632335699679988     
   13.455028082858300       0.39783559206873337     
   13.555028901930399       0.39865862313930001     
   13.655025078622497       0.40036915906303339     
   13.755029279206301       0.40128899079057351     
   13.855047041433201       0.40194902727314663     
   13.955019309719500       0.40355715810574344     
   14.055030277266400       0.40512996685357344     
   14.155029247069299       0.40636547395694667     
   14.255022796194799       0.40823001400577663     
   14.355032040663200       0.41005023486640663     
   14.455031498246901       0.41206979979635011     
   14.555026378305104       0.41330106748444340     
   14.655031332502000       0.41543963959998315     
   14.755015997852402       0.41604153187403003     
   14.855027911107900       0.41757049812966318     
   14.955019087149600       0.41868071639296989     
   15.055034226818799       0.42068088764313660     
   15.155013066657801       0.42132165570163654     
   15.255013211431200       0.42141474908207011     
   15.355017259801901       0.42279818366796995     
   15.455029301515399       0.42399611187423991     
   15.555027008649798       0.42526198640817336     
   15.655015955882101       0.42697413421840691     
   15.755019218137500       0.42824046992402021     
   15.855023011643800       0.42898952420056996     
   15.955009676160799       0.42968239177891665     
   16.055032221842101       0.43094693658098004     
   16.155025156607500       0.43282007172649639     
   16.255024673940902       0.43337445366584315     
   16.355017092293700       0.43450714889248010     
   16.455023544926497       0.43598606607691998     
   16.555032990293000       0.43681465767715011     
   16.655018695434599       0.43940142290557010     
   16.755025261033900       0.44051096356669672     
   16.855034655067598       0.44169261641565649     
   16.955014869756504       0.44308078934091660     
   17.055039589370402       0.44486391661740965     
   17.155022061744198       0.44690582364315334     
   17.255038010204199       0.44787540897785660     
   17.355039816370400       0.44865529525066988     
   17.455052576044501       0.44979537646423007     
   17.555017737118497       0.45120366038102999     
   17.655013785968599       0.45118229064634674     
   17.755027992216803       0.45273261013197674     
   17.855027653895398       0.45274398076535344     
   17.955013178688496       0.45325767417330348     
   18.055022564053097       0.45524988168972663     
   18.155019717004798       0.45551474635645334     
   18.255035055341502       0.45722166474084985     
   18.355016085517597       0.45867053307768318     
   18.455024848134901       0.45997268420336335     
   18.555033414171298       0.46218364271075341     
   18.655034480571100       0.46332037705225659     
   18.755020606302004       0.46476493637932642     
   18.855028741898000       0.46684515325589676     
   18.955018407479404       0.46844662379843660     
   19.055022666678902       0.46988032753651315     
   19.155019330536696       0.47089350309154671     
   19.255018829016301       0.47201711741883995     
   19.355020169452597       0.47283597254042020     
   19.455022888738998       0.47366367854700353     
   19.555026541709100       0.47521751509760995     
   19.655018235725500       0.47733547536524001     
   19.755014389962003       0.47930132279605697     
   19.855021645046200       0.48016052471876342     
   19.955015239434999       0.48144470103726639     
   20.055012150405901       0.48303580641134325     
   20.155026303990201       0.48399246974087007     
   20.255017696123701       0.48540597968467669     
   20.355020151251999       0.48731212095962667     
   20.455049139294903       0.48891730049249987     
   20.555018108152801       0.49000320963457356     
   20.655032737162397       0.49203553042868026     
   20.755041672687298       0.49260471927864985     
   20.855026114976098       0.49369508248035326     
   20.955052883139402       0.49496788276078973     
   21.055024011728101       0.49585253641088689     
   21.155016398311801       0.49682892422974645     
   21.255023064756596       0.49803057415011986     
   21.355013182403599       0.49925260186264692     
   21.455019682277801       0.50083126005984313     
   21.555012369597897       0.50294569481953000     
   21.655021335470302       0.50332985785317352     
   21.755021301105302       0.50385461845085677     
   21.855019843991393       0.50471963212934656     
   21.955012462138601       0.50700289214839345     
   22.055020670583399       0.50735319282279345     
   22.155011240777601       0.50881510048284329     
   22.255022383663398       0.50891974500085002     
   22.355019757129799       0.50895249782531660     
   22.455015937171801       0.50897015207414020     
   22.555033372612499       0.50874607676357342     
   22.655017482473397       0.50890814104591320     
   22.755016781682404       0.51001927192186014     
   22.855023409264899       0.51045237562573020     
   22.955023638422698       0.51043520720177349     
   23.055020862074397       0.51015751123068998     
   23.155043603112908       0.51029214526658317     
   23.255019304980500       0.50959806766916971     
   23.355024690104802       0.50980476693089671     
   23.455016220024802       0.51007443922382001     
   23.555026894008797       0.51018941212038349     
   23.655025974929600       0.51024504663666670     
   23.755021157588498       0.51161438801964654     
   23.855015088975399       0.51189445452724658     
   23.955028290130702       0.51190560385126660     
   24.055018924412703       0.51324262537751331     
   24.155027843108204       0.51358894466266658     
   24.255035039351501       0.51359259091080334     
   24.355022491318699       0.51486057058723655     
   24.455017192840401       0.51531451447210996     
   24.555023951524198       0.51611658598241017     
   24.655009971551703       0.51660084640498638     
   24.755011292331396       0.51705491785154689     
   24.855023594324898       0.51717250879396992     
   24.955010671040196       0.51781849515349310     
   25.055018678308802       0.51814147760871687     
   25.155017532424104       0.51871777827753318     
   25.255020668893003       0.51908971721736652     
   25.355021669683001       0.51990430223858675     
   25.455016342032600       0.52074299775661648     
   25.555021390351104       0.52114873228098657     
   25.655027986203095       0.52132968424769688     
   25.755013586781097       0.52186885087623325     
   25.855010691500599       0.52235207479275991     
   25.955016143328503       0.52300479345390971     
   26.055030377570397       0.52361993139586682     
   26.155019042366995       0.52428250678062027     
   26.255017158508501       0.52471578514728345     
   26.355023240732500       0.52578790994266655     
   26.455016204969400       0.52621807043698676     
   26.555016174970000       0.52667905339870991     
   26.655017440812099       0.52715846407662004     
   26.755028214707302       0.52715812865988976     
   26.855014327994802       0.52799024153451324     
   26.955015695750198       0.52796267467907665     
   27.055022115742798       0.52768219358602630     
   27.155023911939701       0.52840893034737335     
   27.255027375769298       0.52817841793541664     
   27.355030073115095       0.52806142311645665     
   27.455015236683799       0.52828052333004327     
   27.555014426749302       0.52863275005894339     
   27.655019424272201       0.52862925828562979     
   27.755020628308898       0.52849791398116996     
   27.855026157897903       0.52883142922240300     
   27.955014163829098       0.52886470457609958     
   28.055028254779103       0.52957705388506005     
   28.155028562215705       0.52973753292655990     
   28.255026404128802       0.53026345552306986     
   28.355022306325100       0.53069774419123006     
   28.455025892007797       0.53162420483238004     
   28.555018702111802       0.53162051905643681     
   28.655022371034505       0.53155583428081343     
   28.755024904445200       0.53150558129238024     
   28.855018922992297       0.53191242011374329     
   28.955025926620401       0.53157460745571350     
   29.055024692609202       0.53109826313428354     
   29.155038328678398       0.53213000890216999     
   29.255019663095403       0.53197275575388658     
   29.355013237221801       0.53209510076156996     
   29.455018293016803       0.53279219321836346     
   29.555020010384105       0.53348287683803020     
   29.655015658505498       0.53358988592565981     
   29.755032647084398       0.53387127729755324     
   29.855031904760700       0.53308694086502006     
   29.955021573207699       0.53275477675278338     
   30.055020725882098       0.53252214726459302     
   30.155018586415906       0.53224060546937357     
   30.255018383407400       0.53286336339289009     
   30.355022968708102       0.53362689294597354     
   30.455018860552304       0.53380990890013669     
   30.555023454637599       0.53312337051674996     
   30.655024540304701       0.53318763114933365     
   30.755026501165311       0.53400330738141333     
   30.855026630401102       0.53413423893334666     
   30.955025779435196       0.53484340938079999     
   31.055020024253700       0.53509592874141299     
   31.155028489129801       0.53469480423926685     
   31.255015894923503       0.53450577597402338     
   31.355019842049199       0.53464479962909350     
   31.455017990968496       0.53474255710084340     
   31.555016959337003       0.53434830584510684     
   31.655018062213902       0.53470258644333690     
   31.755022075628005       0.53445589007080341     
   31.855010005620102       0.53487590841302324     
   31.955012705399703       0.53539060208508671     
   32.055030004554098       0.53486911230790035     
   32.155015789952799       0.53503668842901353     
   32.255019429804307       0.53546995231726358     
   32.355018022500801       0.53564649818138665     
   32.455013600333203       0.53543231173089978     
   32.555026987321696       0.53516659016696666     
   32.655019664994498       0.53558374574477663     
   32.755019562155901       0.53550564630557340     
   32.855022693107692       0.53552298318755998     
   32.955028427465699       0.53605841604806681     
   33.055024934798908       0.53588982570654653     
   33.155021219908697       0.53561317660148677     
   33.255019070371297       0.53616524424083334     
   33.355010624388797       0.53618624361450651     
   33.455019320067706       0.53606549457466024     
   33.555027845112598       0.53631637401717680     
   33.655020869848201       0.53660607551696005     
   33.755024352294704       0.53642600838434362     
   33.855024255499195       0.53638325415070021     
   33.955028161198399       0.53610302223372652     
   34.055027238860696       0.53637082421875992     
   34.155009385098097       0.53681652162964677     
   34.255025629253701       0.53713198601755008     
   34.355015596731697       0.53731545244899004     
   34.455023687174197       0.53750972528607988     
   34.555018069458797       0.53820692851093332     
   34.655008663690502       0.53802888307798002     
   34.755028199952207       0.53759011570575965     
   34.855021756267199       0.53784457717406675     
   34.955037746224797       0.53734750842216006     
   35.055022492967900       0.53750690914941335     
   35.155028400011702       0.53714453954991981     
   35.255018344205290       0.53839181473073006     
   35.355020397593300       0.53813733715743028     
   35.455012687904102       0.53831690859016978     
   35.555025857158697       0.53869253785029647     
   35.655015151801798       0.53823548224360995     
   35.755022715366799       0.53900426566082338     
   35.855023054916401       0.53852729705694680     
   35.955025454593198       0.53800136545262001     
   36.055051363682303       0.53795479560585990     
   36.155023758745003       0.53790033828816308     
   36.255028416076200       0.53797646956823342     
   36.355024690531401       0.53845323276420354     
   36.455024215071994       0.53841373086888344     
   36.555015035568303       0.53822384447637350     
   36.655021067330395       0.53824334603649338     
   36.755015333103202       0.53862822652382325     
   36.855029581002100       0.53911429123009014     
   36.955026150684503       0.53952897897933638     
   37.055015506055497       0.53930624673529004     
   37.155021417870302       0.53875094740506646     
   37.255023046087601       0.53841403686609979     
   37.355017090968900       0.53855601103610973     
   37.455017219254501       0.53883907244110341     
   37.555017481546102       0.53903819415409004     
   37.655021179017297       0.53865800121824647     
   37.755026162143295       0.53881152321632997     
   37.855019154151492       0.53876772498683012     
   37.955013927336495       0.53898452037071676     
   38.055020633727800       0.53874442845734005     
   38.155025537056304       0.53876870423707335     
   38.255041465725597       0.53885490841782024     
   38.355023209733901       0.53923415061881319     
   38.455032417956993       0.53961849353760027     
   38.555037808581801       0.53910702220836970     
   38.655010461836703       0.53887628337250992     
   38.755020972200796       0.53923950159476985     
   38.855027642192596       0.53929289078747655     
   38.955027566851491       0.53899400703736322     
   39.055027663388707       0.53925959593205341     
   39.155027342238604       0.53922204283203345     
   39.255015273042801       0.53965367956292976     
   39.355020574096905       0.53993211946073338     
   39.455009582467099       0.53972138082057663     
   39.555032452330700       0.54011560954019644     
   39.655014223361405       0.54050308927245694     
   39.755021515528199       0.53996178126330996     
   39.855016308657603       0.53991614151196010     
   39.955027338850400       0.53989860516488686     
   40.055014731400007       0.53938083478991006     
   40.155035876038497       0.54007184589476320     
   40.255027929688694       0.54046957771769999     
   40.355025562414696       0.54058900545195987     
   40.455023275348800       0.54082977374487673     
   40.555014414307102       0.54119546970612031     
   40.655015748152600       0.54136636754382983     
   40.755033479679497       0.54113377938902352     
   40.855020518706695       0.54107319699224665     
   40.955026406567995       0.54153325024246635     
   41.055014555980506       0.54140660473881341     
   41.155013294041495       0.54105576866716321     
   41.255020186936797       0.54135791925267651     
   41.355020820774797       0.54162932696348975     
   41.455020113534701       0.54148120074977657     
   41.555028614057804       0.54173867456957980     
   41.655013081730999       0.54170750787433342     
   41.755021454367203       0.54134829973829679     
   41.855019083637799       0.54140733408415331     
   41.955015098755098       0.54147849977024998     
   42.055005125198299       0.54163365901718652     
   42.155026344962195       0.54148148054390022     
   42.255024633937794       0.54167929573814311     
   42.355031513920501       0.54214075242363680     
   42.455010686080001       0.54209560531858370     
   42.555035653326897       0.54187980259509660     
   42.655020606255299       0.54121732239036358     
   42.755028256175400       0.54128724164527964     
   42.855019696797001       0.54158059374767320     
   42.955022780525098       0.54180746278495651     
   43.055015619917000       0.54151841729729977     
   43.155018176742296       0.54203698569036363     
   43.255020013131094       0.54154174741955641     
   43.355012576536708       0.54222508593026297     
   43.455019329660601       0.54217502846231347     
   43.555014717079899       0.54195886483188693     
   43.655027678475804       0.54182220622138000     
   43.755017856656693       0.54212481022957326     
   43.855013750357301       0.54200036849066657     
   43.955012211440604       0.54167234108381324     
   44.055025992319393       0.54145965414295660     
   44.155012718801103       0.54181322283965339     
   44.255031389079804       0.54226902359777651     
   44.355021230286404       0.54189680855364009     
   44.455022783827800       0.54211168029837664     
   44.555017871967792       0.54167495645842334     
   44.655011873676507       0.54135974802786335     
   44.755028747815103       0.54143526830240341     
   44.855042591687393       0.54171793967259352     
   44.955030839494199       0.54141243061212307     
   45.055020431239804       0.54219879148080330     
   45.155016246682905       0.54191203619319028     
   45.255017981417303       0.54201433114693987     
   45.355015307871803       0.54202430992158002     
   45.455023450729897       0.54201939797527987     
   45.555026705857401       0.54230236518171349     
   45.655023960417893       0.54217798371959292     
   45.755016335722999       0.54200010084196326     
   45.855020087813898       0.54211061863727006     
   45.955015399687206       0.54195995572535316     
   46.055034506482599       0.54205683042788355     
   46.155022735810803       0.54158762803711991     
   46.255021490193009       0.54233286420990656     
   46.355020042677097       0.54213639810891001     
   46.455020244734598       0.54244279625125347     
   46.555026484973205       0.54239961148652338     
   46.655020084202000       0.54223777149423358     
   46.755027165398694       0.54198272734669006     
   46.855047258865497       0.54161559066275666     
   46.955015865042796       0.54208276430389335     
   47.055013404458499       0.54223380170773305     
   47.155018444186702       0.54223667387879959     
   47.255019134411086       0.54233771566122657     
   47.355029043986193       0.54187212906641335     
   47.455028700085499       0.54179617948332659     
   47.555022008066587       0.54248738885959991     
   47.655018892234999       0.54254126198016339     
   47.755029538258711       0.54238273177882346     
   47.855016210791305       0.54258815671255989     
   47.955029567841500       0.54216713862766319     
   48.055018654367693       0.54224591201663341     
   48.155019062623992       0.54180683707723643     
   48.255027109142297       0.54208513104733669     
   48.355044719650401       0.54229652761358993     
   48.455011096064894       0.54130691375920692     
   48.555022285316603       0.54237120999811317     
   48.655010322667088       0.54191968389386025     
   48.755028954235399       0.54202888745401001     
   48.855019909674894       0.54188926635113677     
   48.955019899833502       0.54263064508190317     
   49.055020020789108       0.54269135762309317     
   49.155020641889301       0.54302946974852651     
   49.255027012615002       0.54319415518015024     
   49.355027877981101       0.54345599407482670     
   49.455027467505694       0.54312271008323010     
   49.555025340933405       0.54329728329924676     
   49.655023039621803       0.54328829379984322     
   49.755026682759805       0.54319087480260653     
   49.855016648267402       0.54290288361819972     
   49.955018740605603       0.54261096989332336     
   50.055043047790697       0.54266976086398988     
   50.155022633531708       0.54276827322607979     
   50.255031616252197       0.54269954771466322     
   50.355015014226900       0.54217579036753005     
   50.455017707705004       0.54230229925167006     
   50.555021433222905       0.54191537542050683     
   50.655024426098407       0.54241196000125669     
   50.755026182105702       0.54228578711852327     
   50.855022892514896       0.54230496053857979     
   50.955023653780103       0.54252931967971973     
   51.055022149241793       0.54307087217279348     
   51.155016215098705       0.54344653651822006     
   51.255025040281097       0.54316142033869963     
   51.355020609376801       0.54330297456656684     
   51.455022840473497       0.54314325092138671     
   51.555024455754904       0.54286505798168361     
   51.655014601186302       0.54288903093023000     
   51.755017121025404       0.54323920957013339     
   51.855020533601383       0.54323701321313334     
   51.955023325232006       0.54254957661031988     
   52.055013975313294       0.54224539118310344     
   52.155015879656901       0.54300455577120998     
   52.255021769209996       0.54314315601409968     
   52.355016837370599       0.54303666468951661     
   52.455019777614396       0.54307237405171327     
   52.555014081748801       0.54295188570606334     
   52.655020949842992       0.54331176852685981     
   52.755031368531988       0.54331576333909992     
   52.855029480001704       0.54304152618904356     
   52.955011947296597       0.54321634178490685     
   53.055017014372105       0.54313257760679046     
   53.155018513269205       0.54326010526238666     
   53.255022907593101       0.54291651023349674     
   53.355015346115806       0.54319332526316344     
   53.455032322781406       0.54283796369144333     
   53.555020730099599       0.54292091288679689     
   53.655021214125597       0.54258049201085012     
   53.755024937902206       0.54301145542147988     
   53.855024042396892       0.54277946296062651     
   53.955012394083397       0.54297128558893992     
   54.055015607168400       0.54312822989951026     
   54.155019820247105       0.54308428395682651     
   54.255021859132100       0.54300353955995662     
   54.355034588555000       0.54330873343202979     
   54.455021834665502       0.54300624275095011     
   54.555027672227695       0.54317550513663027     
   54.655027478102092       0.54288666532136665     
   54.755013267134302       0.54269647636297003     
   54.855018382760797       0.54298701223910339     
   54.955035994237299       0.54282787432181667     
   55.055035026603505       0.54225846004010658     
   55.155018049730209       0.54272304473099331     
   55.255016914817404       0.54296536681882634     
   55.355015383289000       0.54257387139993984     
   55.455016578211008       0.54248918659498035     
   55.555031506808596       0.54298653266411367     
   55.655016618713901       0.54306491844863325     
   55.755024723497101       0.54258872013699355     
   55.855027088812598       0.54264935807088011     
   55.955013175020994       0.54311896291396677     
   56.055016256814000       0.54302510676247639     
   56.155023575724101       0.54261951701373379     
   56.255030114927898       0.54260023729293994     
   56.355019620752202       0.54295974761809340     
   56.455026212351392       0.54319475408627027     
   56.555008036482505       0.54324588926108341     
   56.655018670939398       0.54286817064584325     
   56.755025772629907       0.54271025191416000     
   56.855018495249304       0.54272838708636983     
   56.955013693908597       0.54268236693439331     
   57.055023503457889       0.54278017895983643     
   57.155026187148202       0.54294457581649325     
   57.255027752816908       0.54249655842864331     
   57.355018474652795       0.54246565015742654     
   57.455020465521294       0.54264300602248350     
   57.555015314520801       0.54264333345065008     
   57.655027791038300       0.54219477366235658     
   57.755017698117811       0.54274386599085700     
   57.855038316861496       0.54235359174139663     
   57.955013981545406       0.54190106532959981     
   58.055023962726793       0.54265719491494024     
   58.155020893877101       0.54225608563174632     
   58.255016243114405       0.54168913238333305     
   58.355021049058699       0.54213246849382335     
   58.455024026313389       0.54264078747139344     
   58.555026990947191       0.54184965656220641     
   58.655022708592199       0.54220470513709995     
   58.755035243948193       0.54270944521531672     
   58.855016023048201       0.54329290035106992     
   58.955014594280307       0.54243609665925674     
   59.055013427496888       0.54281423433474318     
   59.155045016207701       0.54333660707271325     
   59.255017855063002       0.54362850206197033     
   59.355017998727895       0.54327037958142355     
   59.455026796860011       0.54303866439699655     
   59.555015769276189       0.54298366818985655     
   59.655019352511189       0.54345918014691996     
   59.755014069396907       0.54344800178255959     
   59.855021395195408       0.54346101856662332     
   59.955024382778710       0.54320135031069672     
   60.055015702047491       0.54330602092021651     
   60.155017724188596       0.54278206215412317     
   60.255020200824092       0.54347482835152017     
   60.355025894939196       0.54343474708219008     
   60.455021391155491       0.54268612320111997     
   60.555024679317398       0.54334977171373322     
   60.655024034476902       0.54314412470906981     
   60.755016002095111       0.54301284625980006     
   60.855008701155498       0.54295775044976013     
   60.955015904036507       0.54345320291550991     
   61.055016518798297       0.54375232582464350     
   61.155030503363285       0.54377989346222655     
   61.255012092326105       0.54375448436187002     
   61.355013681729289       0.54324823016155677     
   61.455016193166706       0.54329171268333964     
   61.555028578799202       0.54306104826030988     
   61.655019847868900       0.54297175382872720     
   61.755019180278907       0.54322303798585014     
   61.855023829100404       0.54322959000786653     
   61.955016386270998       0.54282816728643979     
   62.055032176950704       0.54224749471207656     
   62.155012100517503       0.54232550350514008     
   62.255059325622810       0.54235835791947351     
   62.355028426652687       0.54228208152521662     
   62.455023239334402       0.54327027917831350     
   62.555021719344992       0.54337171930670336     
   62.655014865001291       0.54330130274775978     
   62.755018817273495       0.54315544060652665     
   62.855016448474395       0.54341263931874662     
   62.955022505126593       0.54421379915315649     
   63.055016326884996       0.54458207669536340     
   63.155019587882897       0.54364008569734334     
   63.255024359155605       0.54359848542993006     
   63.355031716750105       0.54322501831029313     
   63.455022171951306       0.54339963302807348     
   63.555019225608604       0.54304850458768661     
   63.655018601275103       0.54299510888944347     
   63.755043760931095       0.54309694071758641     
   63.855021603460003       0.54328697874225673     
   63.955025429793601       0.54308136442670985     
   64.055007268917592       0.54240393651175023     
   64.155018131411396       0.54278790786408326     
   64.255024055900705       0.54306188984882986     
   64.355028141888084       0.54285416032774658     
   64.455012520753613       0.54300127116058017     
   64.555017497444794       0.54305107235527994     
   64.655016016424810       0.54272757409207362     
   64.755011577022103       0.54330395835998990     
   64.855019579338006       0.54322705588837006     
   64.955016514747300       0.54282902587642323     
   65.055020326759092       0.54357440925404987     
   65.155032359525791       0.54390485367308372     
   65.255028907743906       0.54392497817799679     
   65.355027795659012       0.54370383236252007     
   65.455030168205994       0.54368721394087671     
   65.555022274697393       0.54327099029517689     
   65.655024205733710       0.54292176080753340     
   65.755013000700103       0.54288753065175999     
   65.855026282038011       0.54286180918735005     
   65.955012529063993       0.54294382836958333     
   66.055025752716801       0.54254643309413320     
   66.155020901029800       0.54252028022643661     
   66.255025453781897       0.54263891325843661     
   66.355014397133701       0.54293749926049006     
   66.455016916464004       0.54375515940401320     
   66.555021789664494       0.54350727292769985     
   66.655012798271784       0.54317759524206011     
   66.755021503220703       0.54259845339790336     
   66.855033304453698       0.54303977998741026     
   66.955018134053290       0.54325839354927330     
   67.055017067014703       0.54277231529700010     
   67.155015040044105       0.54240659335803298     
   67.255010763284503       0.54253337055468998     
   67.355033208636996       0.54230903008157028     
   67.455012987886903       0.54274664923857352     
   67.555025508486494       0.54285333702829686     
   67.655017345210297       0.54274491214778320     
   67.755006975716512       0.54281028355749972     
   67.855016534088094       0.54236544639570672     
   67.955037127049394       0.54228090218705349     
   68.055010252752197       0.54270789750975357     
   68.155012110111102       0.54248499261045668     
   68.255026395565991       0.54304857375211646     
   68.355026541153507       0.54252610522892675     
   68.455030755820800       0.54275305715009681     
   68.555028695029293       0.54238210436635981     
   68.655012913565088       0.54253930654414029     
   68.755019752516503       0.54242883391358332     
   68.855018434715603       0.54222678926245016     
   68.955022779389495       0.54259689456201654     
   69.055021089594703       0.54292288227111984     
   69.155019568237890       0.54267436225286680     
   69.255015721980499       0.54236114919812317     
   69.355011978583605       0.54230382227832985     
   69.455031636481095       0.54261647919481004     
   69.555019022689706       0.54269603450999326     
   69.655025115310494       0.54281573787685011     
   69.755019938895813       0.54291399885354985     
   69.855023395191807       0.54254306098477323     
   69.955026074463603       0.54269212176901649     
   70.055025364636805       0.54225135009430647     
   70.155017552018208       0.54278402307647988     
   70.255024589578085       0.54299354729408000     
   70.355017299828503       0.54332066862803652     
   70.455018421445502       0.54368093884221991     
   70.555020452023399       0.54297273031485671     
   70.655029808514797       0.54285217007580666     
   70.755017421715905       0.54261247097008680     
   70.855024700233713       0.54275599809240305     
   70.955018929860614       0.54282941560960674     
   71.055027226625199       0.54300499639106681     
   71.155010173499008       0.54289959548722977     
   71.255029186632598       0.54338022573768652     
   71.355015904581293       0.54324039872142005     
   71.455035146638892       0.54340747697057656     
   71.555017063093686       0.54322297293988653     
   71.655028688141215       0.54256561332794651     
   71.755030559018508       0.54299181706038024     
   71.855020506859290       0.54325477678398315     
   71.955017244673485       0.54318517395427013     
   72.055029853867907       0.54273028276687008     
   72.155025416214698       0.54267253846961339     
   72.255024760421406       0.54266227679005663     
   72.355024943862389       0.54245050267086026     
   72.455012223398796       0.54328318195287995     
   72.555016218669195       0.54357705064066031     
   72.655019068421183       0.54330641054842332     
   72.755041328880594       0.54324370493064023     
   72.855026359330409       0.54323711121593965     
   72.955029998989403       0.54323307732763992     
   73.055010373347002       0.54319490967760320     
   73.155026230867676       0.54300595980350352     
   73.255027677774606       0.54318581966001345     
   73.355021506569400       0.54329905069083007     
   73.455017690846688       0.54308182019199003     
   73.555014827070707       0.54319113555474363     
   73.655011792295085       0.54364661341718656     
   73.755020738290199       0.54356953995347335     
   73.855022006761700       0.54306882111564336     
   73.955020118843095       0.54294327878150983     
   74.055017064981399       0.54309295631855026     
   74.155026616751599       0.54312312619960323     
   74.255010177523019       0.54316470599680677     
   74.355028529025304       0.54329193642700657     
   74.455035717964805       0.54315159741095675     
   74.555012917160695       0.54304814884529007     
   74.655014994851300       0.54272808146291629     
   74.755017297324599       0.54302542620027339     
   74.855024454136796       0.54304441924572655     
   74.955023487528194       0.54336488060059318     
   75.055018657372699       0.54313130187424308     
   75.155023646029093       0.54323282591446020     
   75.255022153765793       0.54336358984876343     
   75.355019931421708       0.54282230527886333     
   75.455031366269196       0.54303273828422327     
   75.555023254628310       0.54289162885473974     
   75.655026258512692       0.54277224548248670     
   75.755021506194382       0.54301036768437327     
   75.855021947130396       0.54319061170486338     
   75.955018887484414       0.54322932427682002     
   76.055030777750304       0.54344741584141976     
   76.155015006420513       0.54337422020805981     
   76.255006674254403       0.54276554293512680     
   76.355031458708112       0.54295017359103037     
   76.455022859158390       0.54324421477873996     
   76.555020757676004       0.54340596756117665     
   76.655021714754497       0.54303277675196338     
   76.755021792208183       0.54338100757418017     
   76.855014078805112       0.54351831692540997     
   76.955017179472605       0.54295194745230024     
   77.055020446341999       0.54299174216829305     
   77.155014700858104       0.54253224075079665     
   77.255019853488307       0.54272760674610021     
   77.355024953981598       0.54284260559214981     
   77.455036724262001       0.54275967853373330     
   77.555024711355202       0.54337850951621003     
   77.655018275490207       0.54335177330230011     
   77.755012581694615       0.54345281642815635     
   77.855019670285998       0.54340234339600335     
   77.955025701513108       0.54317581887263666     
   78.055021329210305       0.54280261618448356     
   78.155026647203698       0.54257205564609012     
   78.255014264881709       0.54181361158734986     
   78.355035354042300       0.54176418286935679     
   78.455027298601692       0.54259400678626313     
   78.555038322685789       0.54354220789982310     
   78.655016948443205       0.54335226521523683     
   78.755016091388512       0.54352496968617314     
   78.855019193509790       0.54360809348237349     
   78.955021347662907       0.54328173271792357     
   79.055021031118798       0.54347096770265335     
   79.155012977177506       0.54341539505427361     
   79.255017353839591       0.54305769510643997     
   79.355017878867912       0.54280611998509321     
   79.455030154517004       0.54290603959248984     
   79.555022205137391       0.54289708131113690     
   79.655016175271513       0.54264602668030659     
   79.755037433072204       0.54201503238407689     
   79.855028565504398       0.54244378133794324     
   79.955027154506894       0.54307781787665976     
   80.055027190370581       0.54295599838156328     
   80.155033439802395       0.54315797116177655     
   80.255014538138397       0.54322744367196329     
   80.355016324715805       0.54383651571531666     
   80.455008603202003       0.54411852880934009     
   80.555026017579308       0.54365274500534988     
   80.655017677271900       0.54349426419949343     
   80.755022995056208       0.54316301185894011     
   80.855022036149293       0.54332215628240665     
   80.955024709611195       0.54345711465729307     
   81.055023177781408       0.54368643356355983     
   81.155026537160012       0.54353058615869632     
   81.255014730590489       0.54363811863930001     
   81.355022937461698       0.54375320553563000     
   81.455024929009497       0.54389582499524658     
   81.555021485503801       0.54326092780905333     
   81.655015712273411       0.54316164158608671     
   81.755015943568694       0.54325683721931683     
   81.855027438503924       0.54300656682778015     
   81.955015671870385       0.54319265802217342     
   82.055020776139102       0.54273550334460319     
   82.155011834633413       0.54310103038533353     
   82.255011729800316       0.54291128247722986     
   82.355027563218101       0.54340733672104702     
   82.455013967208401       0.54311841509548331     
   82.555023799659395       0.54321201471525016     
   82.655024804320902       0.54361417353901342     
   82.755011282114793       0.54365831449197666     
   82.855012939299201       0.54352496530315331     
   82.955023978934591       0.54374250654248646     
   83.055014654102806       0.54352508382970310     
   83.155018451457394       0.54343144716202663     
   83.255011649441002       0.54353819691537653     
   83.355021895605105       0.54333542624258668     
   83.455015424478603       0.54329690862532354     
   83.555015571685118       0.54297405529816334     
   83.655023836791088       0.54300757893236362     
   83.755037147487599       0.54298825325711664     
   83.855009576956405       0.54285672906407667     
   83.955017398821994       0.54306154110909977     
   84.055011433060898       0.54369128572873326     
   84.155027919131697       0.54304756037933699     
   84.255022300844601       0.54297607749749999     
   84.355030733613802       0.54356704056284011     
   84.455023685839890       0.54289360625300331     
   84.555033273167993       0.54304320809423978     
   84.655025211408798       0.54276804598082995     
   84.755034577091706       0.54315974059352334     
   84.855026630768791       0.54264904804247971     
   84.955017198448786       0.54255868177328348     
   85.055022866502696       0.54221942040275328     
   85.155027659728489       0.54275718638844972     
   85.255013294980998       0.54289988558470326     
   85.355016920013711       0.54357024307277324     
   85.455012775705001       0.54321714252096009     
   85.555026981397901       0.54305915650062997     
   85.655020602161116       0.54358830151331994     
   85.755019587836998       0.54344973455799639     
   85.855019256943706       0.54331992259049344     
   85.955029042078294       0.54298927421323318     
   86.055023755436693       0.54248450553411642     
   86.155029144411813       0.54280385763025341     
   86.255007049446689       0.54304527437736339     
   86.355016143495703       0.54275550163888009     
   86.455032641023209       0.54267444620549665     
   86.555033599138412       0.54279110177813639     
   86.655015513795291       0.54245207863621991     
   86.755009289261892       0.54230025254834024     
   86.855014955123977       0.54285723846988354     
   86.955027092536483       0.54282468937345651     
   87.055015938581306       0.54281304235861649     
   87.155013511204402       0.54326041799342006     
   87.255010313395090       0.54316146617698391     
   87.355025374371706       0.54262843471672662     
   87.455027754675200       0.54215740034931681     
   87.555018146380093       0.54238207337420330     
   87.655018621192397       0.54286852332332325     
   87.755027651334899       0.54282605545341978     
   87.855008192074607       0.54272041765348322     
   87.955011147756295       0.54285376907512028     
   88.055022629545718       0.54291882982130013     
   88.155018747845503       0.54324450194895657     
   88.255026762708184       0.54303348148835984     
   88.355028111991814       0.54263549882298656     
   88.455010839037001       0.54291592083087337     
   88.555017253735315       0.54276012075557312     
   88.655022819430997       0.54288825629463344     
   88.755028492630302       0.54280373978783003     
   88.855016724900594       0.54273336288226326     
   88.955021717907499       0.54232263978415662     
   89.055025017705205       0.54307989125342648     
   89.155028242561315       0.54283718571127348     
   89.255020212743503       0.54258953506929675     
   89.355018232629391       0.54258420674510344     
   89.455029292945596       0.54270232136484309     
   89.555033426861399       0.54283642717152003     
   89.655014640920115       0.54253567620247989     
   89.755017953231686       0.54174245227783024     
   89.855035564189905       0.54275784897904689     
   89.955010589035311       0.54292018865103331     
   90.055033566955203       0.54286330454175991     
   90.155038613540398       0.54311051478890338     
   90.255018368658099       0.54278925573184988     
   90.355027738940208       0.54266887274059028     
   90.455018221624599       0.54293078849135989     
   90.555034049883105       0.54300632314175701     
   90.655027172931909       0.54257307953536338     
   90.755020513704693       0.54277407067661643     
   90.855023590518186       0.54293936498088358     
   90.955020981522892       0.54266807732578004     
   91.055032156241808       0.54279967397129991     
   91.155015494374496       0.54262551996080011     
   91.255018048531412       0.54324641441403332     
   91.355018989428402       0.54294037189837330     
   91.455019131617092       0.54286646452619669     
   91.555021529836694       0.54310675942718978     
   91.655016676423699       0.54340691925631690     
   91.755026099348498       0.54297822617607672     
   91.855029647162198       0.54288873349000322     
   91.955016446225585       0.54351081177652349     
   92.055014283525793       0.54333257135706681     
   92.155010946460692       0.54314662035481986     
   92.255017995227107       0.54337934783425346     
   92.355015308281111       0.54303821885694992     
   92.455025396004402       0.54306732191316331     
   92.555024299041094       0.54392737342131636     
   92.655020751344409       0.54373429203975676     
   92.755019010731189       0.54378436624167004     
   92.855011972428400       0.54364923441903312     
   92.955033349835503       0.54324415002734328     
   93.055015968827803       0.54386602749481683     
   93.155017811253600       0.54365554726584009     
   93.255018240844990       0.54279876983685305     
   93.355028715828894       0.54302192588395359     
   93.455026372678702       0.54298606532837657     
   93.555023384356204       0.54313390147278995     
   93.655018112909005       0.54270086309013688     
   93.755021829030113       0.54277092603396004     
   93.855022196592998       0.54288643687116656     
   93.955027217837596       0.54300406510231325     
   94.055027166103898       0.54292329971874675     
   94.155012328852806       0.54320106069964325     
   94.255033771308391       0.54334553556063669     
   94.355017834378899       0.54290568132808026     
   94.455014287050602       0.54308800293545978     
   94.555035006481987       0.54268788797745982     
   94.655020398764606       0.54269248108300350     
   94.755016654907692       0.54363060528125318     
   94.855023698650896       0.54360804436037324     
   94.955018914850797       0.54315353084847340     
   95.055009871968309       0.54348104174143674     
   95.155012673546210       0.54322854678399346     
   95.255021840037301       0.54326504372672635     
   95.355023254110804       0.54278199928415338     
   95.455026089248605       0.54274207359979620     
   95.555020197188384       0.54303534920258678     
   95.655019025028281       0.54298151424344032     
   95.755030220299915       0.54312896863049354     
   95.855034807562589       0.54349712454925658     
   95.955022261050999       0.54344999900486635     
   96.055012169439308       0.54268448550307957     
   96.155028807192295       0.54293962274828333     
   96.255019578007690       0.54240574270815312     
   96.355024558071690       0.54259011006582347     
   96.455028062950205       0.54255554033641007     
   96.555013166367104       0.54266768010479693     
   96.655013943851515       0.54276836936353701     
   96.755020061096488       0.54281109039680664     
   96.855013152618909       0.54293944846197328     
   96.955015240327683       0.54267540180994023     
   97.055020828842103       0.54264674671034996     
   97.155010841094196       0.54247523701299660     
   97.255030729457502       0.54288420204562360     
   97.355026995942197       0.54291561889932993     
   97.455020556869087       0.54306937424212010     
   97.555023911369204       0.54303227221966333     
   97.655014959398798       0.54275908969703701     
   97.755020968291092       0.54300627043464333     
   97.855008253533896       0.54251707278388994     
   97.955017872291904       0.54242558671302687     
   98.055012997212685       0.54226286893980657     
   98.155023454006212       0.54240533959364678     
   98.255018800702487       0.54215442182554319     
   98.355021547165705       0.54239947158513668     
   98.455023589038902       0.54264625349995987     
   98.555012007491186       0.54278675585454361     
   98.655021971521208       0.54290283674564344     
   98.755012883185685       0.54264201089233366     
   98.855028711471803       0.54277293879355692     
   98.955022971505599       0.54326700890356328     
   99.055013920727291       0.54297844983258325     
   99.155026513213912       0.54335362234947993     
   99.255025298286483       0.54367123384043325     
   99.355018481496700       0.54356584385026663     
   99.455016881846390       0.54377677719779993     
   99.555018536434815       0.54328670131534007     
   99.655022080938906       0.54292512139589988     
   99.755028208148502       0.54280710058207993     
   99.855026526508297       0.54233859640964355     
   99.955025159438307       0.54251567741776685     
